4091
2548
5417
1254
1493
1981
14403
2141
3061
6049
3467
815
4032
5921
15939
4984
3062
2726
3696
4927
2132
25295
3278
3478
4076
4283516
4605
11291
40632
7558
2866
1140
6658
1615
2474
3715
3255
3100
5651
3661
2710
4976
2349
2828
4441
5293655
6124
4006
5587
2039
311
611
767
5853
2833
60907
2893
3337
774
3346
991
2871
201050
16683094
5237
199116
2900
887
3372
1031
6276
6328
674
6340
713
6535
5125
6560
6568
2723789
363272
6811
2268
736366
4731
7214
7315
7358
7361
34
33643
7854
33
7909
123022
8099
8196
409301
8264
8292
8334
8395
8467
5250
24723
4970
8808
8991
9037
9213
3118
9319
4618
9477
9500
9555
9959
10145
68117
10372
2862
10538
10757
10813
11350
69194
69325
8421
4770
12656
69765
3627
3928
16684298
13526
31016
14212
68840
73862
73874
74390
7472
16685
17206
17239
17240
91523
17604
17609
1486
76283
18969
18971
18973
18975
18977
18979
4587
300
20056
20150
79357
3344
1133
22215
10982
3281521
71215
80191
1614
22933
23342
25255
73039
8423
26340
27454
28213
65687
5581
65770
284995
5475188
114112
30466
529495
30729
30816
30822
13745
520035
3407
45748
119991
3615
4166
35758
3659
35909
35911
171000
118698
2920
215656
37463
89579
218033
129870
3043685
44660
16683047
3058550
100201
3058551
3058552
53361
53362
53363
53364
53365
53366
3033627
198589
12805573
10800
135742562
12309172
19247
107136
6327514
2916
71671
6115
6054
1001
109038
3064197